%YAML:1.0
---
image_width: 1280
image_height: 1024
camera_matrix: !!opencv-matrix
   rows: 3
   cols: 3
   dt: d
   data: [ 1790.4662597430984, 0., 770.11841853024725, 0.,
       1803.8508448487521, 545.3926564849362, 0., 0., 1. ]
distortion_coefficients: !!opencv-matrix
   rows: 1
   cols: 5
   dt: d
   data: [ -0.8084910097267296, 1.7347352548268997,
       -0.0057550980570318464, -0.028204764237863653,
       -4.7577662058035601 ]
reprojection_error: 0.86896949472953788
