%YAML:1.0
image_width: 640
image_height: 480
camera_matrix: !!opencv-matrix
   rows: 3
   cols: 3
   dt: d
   data: [ 1.0834901123046875e+03, 0., 1.9275646972656250e+02, 0.,
       1.1277869873046875e+03, 2.5338531494140625e+02, 0., 0., 1. ]
distortion_coefficients: !!opencv-matrix
   rows: 5
   cols: 1
   dt: d
   data: [ -1.2452734708786011e+00, -4.1171541213989258e+00,
       -5.1138335838913918e-03, 1.6327123343944550e-01,
       1.8978490829467773e+01 ]
reprojection_error: 8.3875106070450567e-01
