%YAML:1.0
image_width: 640
image_height: 480
camera_matrix: !!opencv-matrix
   rows: 3
   cols: 3
   dt: d
   data: [ 4.4761638641357422e+01, 0., 3.1950000000000000e+02, 0.,
       2.6002046585083008e+01, 2.3950001525878906e+02, 0., 0., 1. ]
distortion_coefficients: !!opencv-matrix
   rows: 5
   cols: 1
   dt: d
   data: [ -6.9783115759491920e-03, 1.0749740795290563e-05,
       6.5708812326192856e-03, -9.1535324463620782e-04,
       -4.2879451100930055e-09 ]
reprojection_error: 2.0984863802315152e+02
