%YAML:1.0
image_width: 640
image_height: 480
camera_matrix: !!opencv-matrix
   rows: 3
   cols: 3
   dt: d
   data: [ 5.1751837158203125e+02, 0., 3.1072875976562500e+02, 0.,
       5.1510882568359375e+02, 2.3624400329589844e+02, 0., 0., 1. ]
distortion_coefficients: !!opencv-matrix
   rows: 5
   cols: 1
   dt: d
   data: [ -3.2630395889282227e-01, -7.4427402578294277e-03,
       4.6651503071188927e-03, 5.7984045706689358e-03,
       2.2779554128646851e-01 ]
reprojection_error: 1.0800205988758729e+00
